 180 172 189 194 195 109 180  47  13  11  25  34  50  93 180 197
 186 178 191 195 195 106 182  26  15  17  38  29  34  77 152 197
 192 193 193 194 194 117 187  17  13  18  25  19  35  73 119 201
 189 182 166 181 182 111 186  41  45  36  39  53  97 122 139 191
 164 161 151 162 166 111 192 150 212 213 213 209 171 115  93 150
  81  88 102 119 113 121 191 108 199 207 209 193 154 124  76 121
  21  89 189 194 205 211 170 184 205 205 202 199 202 186 156 154
  47 142 197 166 205 210 173 211 212 209 199 193 160 194 179 179
  75 176 187 178 207 197 209 213 212 209 197 164 192 205 199 192
 112 184 171 192 204 146 131 140 126 158 179 201 198 207 214 215
 151 179 180 179 164  18  16  13  21  79 137 177 196 204 214 214
 179 176 170 164  65  12  11  32  31  71 116 174 197 201 207 177
 143 149 143 141  14  11  11  35  42  76 109 157 197 203 211  58
 120 116 113 104  16  12  12  26  35  65  77 141 191 206 157   4
 154 151 154 153 103 108 123  96 130 127 155 159 198 213  35   1
 181 167 158 158 137 147 136 141 163 163 164 188 207 123   3   1
 179 175 190 195 194 103 181  44  12   9  25  34  49  93 180 197
 188 179 192 195 196  98 183  19  13  16  37  28  33  77 153 197
 193 193 193 195 195 112 190  12  11  16  24  18  35  72 121 202
 190 183 166 182 183 108 189  38  44  35  38  52  98 123 140 192
 165 161 151 161 166 108 194 151 213 214 212 209 173 115  91 151
  78  87 102 119 113 121 192 109 199 208 209 193 154 122  72 120
  19  85 190 195 207 212 170 185 206 207 203 199 202 185 153 154
  45 144 199 168 206 211 173 212 214 209 201 193 160 197 178 180
  72 179 189 180 209 198 211 215 214 210 199 165 192 207 199 192
 112 185 173 194 205 147 132 141 127 159 180 203 199 207 215 216
 153 179 180 180 164  16  15  12  22  80 136 178 196 204 214 215
 179 176 170 164  64  10   9  33  31  71 113 175 198 202 208 178
 142 149 144 140   8   9   9  36  42  77 109 158 198 204 211  58
 118 115 114 104  13  10  10  25  34  65  78 143 193 206 159   2
 153 151 154 155 103 108 123  97 129 126 155 159 199 214  35   0
 180 167 159 159 139 148 136 142 164 164 164 189 209 125   2   0
 175 174 186 190 194  95 179  39  13  10  23  32  46  89 178 196
 184 177 190 192 194  93 182  17  14  16  37  28  32  76 149 196
 189 190 190 191 191 108 189  12  12  17  24  19  33  72 116 198
 186 180 164 178 180 107 184  38  44  35  39  53  94 118 135 189
 162 157 149 156 163 111 189 147 209 212 211 206 167 111  90 142
  78  87 100 115 109 120 188 106 196 205 207 190 151 123  72 115
  20  88 187 192 202 209 166 182 202 202 201 197 200 184 153 151
  45 145 196 166 203 207 170 208 208 206 196 191 159 192 176 177
  70 177 187 177 205 193 206 209 208 206 191 162 191 201 197 190
 108 182 171 191 203 143 128 136 123 154 174 197 196 204 211 212
 150 175 179 176 162  16  15  13  20  76 136 174 193 203 211 212
 178 174 168 161  63  11  10  32  31  67 114 171 194 198 205 177
 140 148 136 137   8  10  10  30  41  73 108 153 194 199 208  59
 119 115 110  99  11  11  11  25  33  64  74 137 189 203 161   3
 152 149 151 149 101 106 122  94 129 125 152 156 196 212  35   0
 179 165 155 153 134 144 133 138 160 159 162 184 204 128   2   0

 197 197 201 191 150 121 154 179 192 215 214 177  58   4   1   1
 180 152 119 139  93  76 156 179 199 214 214 207 211 157  35   3
  93  77  73 122 115 124 186 194 205 207 204 201 203 206 213 123
  50  34  35  97 171 154 202 160 192 198 196 197 197 191 198 207
  34  29  19  53 209 193 199 193 164 201 177 174 157 141 159 188
  25  38  25  39 213 209 202 199 197 179 137 116 109  77 155 164
  11  17  18  36 213 207 205 209 209 158  79  71  76  65 127 163
  13  15  13  45 212 199 205 212 212 126  21  31  42  35 130 163
  47  26  17  41 150 108 184 211 213 140  13  32  35  26  96 141
 180 182 187 186 192 191 170 173 209 131  16  11  11  12 123 136
 109 106 117 111 111 121 211 210 197 146  18  12  11  12 108 147
 195 195 194 182 166 113 205 205 207 204 164  65  14  16 103 137
 194 195 194 181 162 119 194 166 178 192 179 164 141 104 153 158
 189 191 193 166 151 102 189 197 187 171 180 170 143 113 154 158
 172 178 193 182 161  88  89 142 176 184 179 176 149 116 151 167
 180 186 192 189 164  81  21  47  75 112 151 179 143 120 154 181
 197 197 202 192 151 120 154 180 192 216 215 178  58   2   0   0
 180 153 121 140  91  72 153 178 199 215 214 208 211 159  35   2
  93  77  72 123 115 122 185 197 207 207 204 202 204 206 214 125
  49  33  35  98 173 154 202 160 192 199 196 198 198 193 199 209
  34  28  18  52 209 193 199 193 165 203 178 175 158 143 159 189
  25  37  24  38 212 209 203 201 199 180 136 113 109  78 155 164
   9  16  16  35 214 208 207 209 210 159  80  71  77  65 126 164
  12  13  11  44 213 199 206 214 214 127  22  31  42  34 129 164
  44  19  12  38 151 109 185 212 215 141  12  33  36  25  97 142
 181 183 190 189 194 192 170 173 211 132  15   9   9  10 123 136
 103  98 112 108 108 121 212 211 198 147  16  10   9  10 108 148
 194 196 195 183 166 113 207 206 209 205 164  64   8  13 103 139
 195 195 195 182 161 119 195 168 180 194 180 164 140 104 155 159
 190 192 193 166 151 102 190 199 189 173 180 170 144 114 154 159
 175 179 193 183 161  87  85 144 179 185 179 176 149 115 151 167
 179 188 193 190 165  78  19  45  72 112 153 179 142 118 153 180
 196 196 198 189 142 115 151 177 190 212 212 177  59   3   0   0
 178 149 116 135  90  72 153 176 197 211 211 205 208 161  35   2
  89  76  72 118 111 123 184 192 201 204 203 198 199 203 212 128
  46  32  33  94 167 151 200 159 191 196 193 194 194 189 196 204
  32  28  19  53 206 190 197 191 162 197 174 171 153 137 156 184
  23  37  24  39 211 207 201 196 191 174 136 114 108  74 152 162
  10  16  17  35 212 205 202 206 206 154  76  67  73  64 125 159
  13  14  12  44 209 196 202 208 208 123  20  31  41  33 129 160
  39  17  12  38 147 106 182 208 209 136  13  32  30  25  94 138
 179 182 189 184 189 188 166 170 206 128  15  10  10  11 122 133
  95  93 108 107 111 120 209 207 193 143  16  11  10  11 106 144
 194 194 191 180 163 109 202 203 205 203 162  63   8  11 101 134
 190 192 191 178 156 115 192 166 177 191 176 161 137  99 149 153
 186 190 190 164 149 100 187 196 187 171 179 168 136 110 151 155
 174 177 190 180 157  87  88 145 177 182 175 174 148 115 149 165
 175 184 189 186 162  78  20  45  70 108 150 178 140 119 152 179

   1   3 123 207 188 164 163 163 141 136 147 137 158 158 167 181
   1  35 213 198 159 155 127 130  96 123 108 103 153 154 151 154
   4 157 206 191 141  77  65  35  26  12  12  16 104 113 116 120
  58 211 203 197 157 109  76  42  35  11  11  14 141 143 149 143
 177 207 201 197 174 116  71  31  32  11  12  65 164 170 176 179
 214 214 204 196 177 137  79  21  13  16  18 164 179 180 179 151
 215 214 207 198 201 179 158 126 140 131 146 204 192 171 184 112
 192 199 205 192 164 197 209 212 213 209 197 207 178 187 176  75
 179 179 194 160 193 199 209 212 211 173 210 205 166 197 142  47
 154 156 186 202 199 202 205 205 184 170 211 205 194 189  89  21
 121  76 124 154 193 209 207 199 108 191 121 113 119 102  88  81
 150  93 115 171 209 213 213 212 150 192 111 166 162 151 161 164
 191 139 122  97  53  39  36  45  41 186 111 182 181 166 182 189
 201 119  73  35  19  25  18  13  17 187 117 194 194 193 193 192
 197 152  77  34  29  38  17  15  26 182 106 195 195 191 178 186
 197 180  93  50  34  25  11  13  47 180 109 195 194 189 172 180
   0   2 125 209 189 164 164 164 142 136 148 139 159 159 167 180
   0  35 214 199 159 155 126 129  97 123 108 103 155 154 151 153
   2 159 206 193 143  78  65  34  25  10  10  13 104 114 115 118
  58 211 204 198 158 109  77  42  36   9   9   8 140 144 149 142
 178 208 202 198 175 113  71  31  33   9  10  64 164 170 176 179
 215 214 204 196 178 136  80  22  12  15  16 164 180 180 179 153
 216 215 207 199 203 180 159 127 141 132 147 205 194 173 185 112
 192 199 207 192 165 199 210 214 215 211 198 209 180 189 179  72
 180 178 197 160 193 201 209 214 212 173 211 206 168 199 144  45
 154 153 185 202 199 203 207 206 185 170 212 207 195 190  85  19
 120  72 122 154 193 209 208 199 109 192 121 113 119 102  87  78
 151  91 115 173 209 212 214 213 151 194 108 166 161 151 161 165
 192 140 123  98  52  38  35  44  38 189 108 183 182 166 183 190
 202 121  72  35  18  24  16  11  12 190 112 195 195 193 193 193
 197 153  77  33  28  37  16  13  19 183  98 196 195 192 179 188
 197 180  93  49  34  25   9  12  44 181 103 194 195 190 175 179
   0   2 128 204 184 162 159 160 138 133 144 134 153 155 165 179
   0  35 212 196 156 152 125 129  94 122 106 101 149 151 149 152
   3 161 203 189 137  74  64  33  25  11  11  11  99 110 115 119
  59 208 199 194 153 108  73  41  30  10  10   8 137 136 148 140
 177 205 198 194 171 114  67  31  32  10  11  63 161 168 174 178
 212 211 203 193 174 136  76  20  13  15  16 162 176 179 175 150
 212 211 204 196 197 174 154 123 136 128 143 203 191 171 182 108
 190 197 201 191 162 191 206 208 209 206 193 205 177 187 177  70
 177 176 192 159 191 196 206 208 208 170 207 203 166 196 145  45
 151 153 184 200 197 201 202 202 182 166 209 202 192 187  88  20
 115  72 123 151 190 207 205 196 106 188 120 109 115 100  87  78
 142  90 111 167 206 211 212 209 147 189 111 163 156 149 157 162
 189 135 118  94  53  39  35  44  38 184 107 180 178 164 180 186
 198 116  72  33  19  24  17  12  12 189 108 191 191 190 190 189
 196 149  76  32  28  37  16  14  17 182  93 194 192 190 177 184
 196 178  89  46  32  23  10  13  39 179  95 194 190 186 174 175

 181 154 120 143 179 151 112  75  47  21  81 164 189 192 186 180
 167 151 116 149 176 179 184 176 142  89  88 161 182 193 178 172
 158 154 113 143 170 180 171 187 197 189 102 151 166 193 191 189
 158 153 104 141 164 179 192 178 166 194 119 162 181 194 195 194
 137 103  16  14  65 164 204 207 205 205 113 166 182 194 195 195
 147 108  12  11  12  18 146 197 210 211 121 111 111 117 106 109
 136 123  12  11  11  16 131 209 173 170 191 192 186 187 182 180
 141  96  26  35  32  13 140 213 211 184 108 150  41  17  26  47
 163 130  35  42  31  21 126 212 212 205 199 212  45  13  15  13
 163 127  65  76  71  79 158 209 209 205 207 213  36  18  17  11
 164 155  77 109 116 137 179 197 199 202 209 213  39  25  38  25
 188 159 141 157 174 177 201 164 193 199 193 209  53  19  29  34
 207 198 191 197 197 196 198 192 160 202 154 171  97  35  34  50
 123 213 206 203 201 204 207 205 194 186 124 115 122  73  77  93
   3  35 157 211 207 214 214 199 179 156  76  93 139 119 152 180
   1   1   4  58 177 214 215 192 179 154 121 150 191 201 197 197
 180 153 118 142 179 153 112  72  45  19  78 165 190 193 188 179
 167 151 115 149 176 179 185 179 144  85  87 161 183 193 179 175
 159 154 114 144 170 180 173 189 199 190 102 151 166 193 192 190
 159 155 104 140 164 180 194 180 168 195 119 161 182 195 195 195
 139 103  13   8  64 164 205 209 206 207 113 166 183 195 196 194
 148 108  10   9  10  16 147 198 211 212 121 108 108 112  98 103
 136 123  10   9   9  15 132 211 173 170 192 194 189 190 183 181
 142  97  25  36  33  12 141 215 212 185 109 151  38  12  19  44
 164 129  34  42  31  22 127 214 214 206 199 213  44  11  13  12
 164 126  65  77  71  80 159 210 209 207 208 214  35  16  16   9
 164 155  78 109 113 136 180 199 201 203 209 212  38  24  37  25
 189 159 143 158 175 178 203 165 193 199 193 209  52  18  28  34
 209 199 193 198 198 196 199 192 160 202 154 173  98  35  33  49
 125 214 206 204 202 204 207 207 197 185 122 115 123  72  77  93
   2  35 159 211 208 214 215 199 178 153  72  91 140 121 153 180
   0   0   2  58 178 215 216 192 180 154 120 151 192 202 197 197
 179 152 119 140 178 150 108  70  45  20  78 162 186 189 184 175
 165 149 115 148 174 175 182 177 145  88  87 157 180 190 177 174
 155 151 110 136 168 179 171 187 196 187 100 149 164 190 190 186
 153 149  99 137 161 176 191 177 166 192 115 156 178 191 192 190
 134 101  11   8  63 162 203 205 203 202 109 163 180 191 194 194
 144 106  11  10  11  16 143 193 207 209 120 111 107 108  93  95
 133 122  11  10  10  15 128 206 170 166 188 189 184 189 182 179
 138  94  25  30  32  13 136 209 208 182 106 147  38  12  17  39
 160 129  33  41  31  20 123 208 208 202 196 209  44  12  14  13
 159 125  64  73  67  76 154 206 206 202 205 212  35  17  16  10
 162 152  74 108 114 136 174 191 196 201 207 211  39  24  37  23
 184 156 137 153 171 174 197 162 191 197 190 206  53  19  28  32
 204 196 189 194 194 193 196 191 159 200 151 167  94  33  32  46
 128 212 203 199 198 203 204 201 192 184 123 111 118  72  76  89
   2  35 161 208 205 211 211 197 176 153  72  90 135 116 149 178
   0   0   3  59 177 212 212 190 177 151 115 142 189 198 196 196

